0.5891776341 0.2760443313 0.4606456831 0.4563311541 0.4528434295 0.5182455000 0.6395348955 0.4778077197
0.3206687246 0.1851095303 0.4329232804 0.5896129070 0.3415608183 0.8468991327 0.0125170022 0.6438804292
0.7836075465 0.4731627316 0.1311228361 0.9257200907 0.5250223777 0.7339508769 0.0867760251 0.3487143922
0.8802746013 0.8005677557 0.5392940389 0.6603662730 0.2824311247 0.8217137202 0.0501213931 0.8171232336
0.6355861789 0.7248209429 0.6056108405 0.3152098658 0.2763106818 0.1630083092 0.0512922748 0.6827563606
0.3140556903 0.8818598564 0.2323991244 0.3315872313 0.2094863662 0.5492529317 0.4991800992 0.8199266847
0.0967058695 0.7002812393 0.7355529307 0.5817285778 0.6397081956 0.4975519914 0.7379468544 0.8082248203
0.3229836109 0.9111952384 0.8183588469 0.7768487323 0.4282817231 0.0414137300 0.9666855927 0.3672873303
0.1614708146 0.8795036213 0.8642570297 0.5078578375 0.0670190442 0.4474971676 0.5598378088 0.0873575932
0.5354183547 0.9266318856 0.8182616660 0.1501015222 0.3225054212 0.9367729865 0.3419364251 0.2230444036
0.3272092438 0.5544019137 0.8316266199 0.2845958832 0.5889121816 0.7405276592 0.8794821182 0.0176896653
0.2685798719 0.9090055847 0.2518640014 0.3222133408 0.8637269272 0.4842151511 0.9999863727 0.1501920847
0.8304538389 0.7449226982 0.3493826280 0.6651777241 0.7574433133 0.8770517341 0.9506939747 0.1981662270
0.8019057952 0.7826926033 0.2275473308 0.2960905398 0.8121013623 0.9545418436 0.3779139081 0.5891554663
0.3383736601 0.9917971359 0.0300318673 0.5615268059 0.7774042930 0.7135654797 0.1564862516 0.1823389127
0.7452747009 0.9049147423 0.2180407557 0.3511505765 0.9281158159 0.1133031072 0.1317827059 0.1209133645
0.9144199733 0.9136889661 0.7846003512 0.6842834638 0.9922495361 0.2372516168 0.3955082684 0.4220828586
0.7798198722 0.3671127909 0.5757420843 0.9357018981 0.6098658785 0.1131854348 0.2668639668 0.2245190802
0.4498156125 0.4296027774 0.2217296036 0.7531892939 0.8556771253 0.2151585119 0.1967160814 0.7657640029
0.1403683776 0.1680870168 0.4107569444 0.8551166328 0.9792974358 0.0174545390 0.7906168979 0.9291100358
0.2334795741 0.1747537511 0.0956510592 0.1817910797 0.7391926590 0.0728339737 0.7687241402 0.7778956031
0.9088646790 0.4933230632 0.2604181869 0.0226078632 0.5888090478 0.0392419540 0.7190446039 0.8769209501
0.8574712328 0.9565165795 0.2284281936 0.4753869716 0.3338160089 0.2877366070 0.9895426435 0.7369891824
0.6664551294 0.8267871379 0.0458530281 0.7397155783 0.7214111141 0.8399946175 0.9641445891 0.9246775641
0.7690782808 0.2945013766 0.4850109303 0.9275822549 0.9186022475 0.5979391360 0.9176361382 0.7694637824
0.9157275788 0.2829349984 0.5485075384 0.5572959976 0.8423875277 0.7015577476 0.2757782692 0.9945134695
0.9465240971 0.3279659711 0.6252340139 0.0084361618 0.8078009808 0.8739956853 0.7693756220 0.7402896269
0.8987298277 0.7912456868 0.9878272333 0.1253761910 0.9959721745 0.5423326294 0.9265157764 0.3734201260
0.6556497496 0.2018602199 0.8032867862 0.0686362227 0.8925907449 0.1546684515 0.7956568366 0.2321557985
0.2562471633 0.0411416378 0.8058676256 0.5241482626 0.7544412881 0.1829518967 0.3329796118 0.1166968844
0.1317851820 0.0785283514 0.3314884317 0.3174290799 0.9578230160 0.6167976493 0.6834374459 0.0538273072
0.0398389609 0.1152064167 0.1608093199 0.0311647214 0.9193364738 0.4085450368 0.0388903103 0.3145077953
0.0690192415 0.2093913774 0.1479819180 0.0039966546 0.2260347893 0.1264784157 0.1382613040 0.0431606367
0.0377655004 0.5450157430 0.7573889941 0.1446145962 0.3479823398 0.3506001574 0.0218179780 0.2838077822
0.0115410960 0.7301838954 0.4592694037 0.7782095436 0.5996943079 0.1266831700 0.0319642450 0.1891531397
0.0918900187 0.5194813525 0.0913507061 0.8850577341 0.0467458293 0.1222165935 0.3038582900 0.4544829570
0.7407978333 0.3555058020 0.0565515617 0.9791416805 0.0159939593 0.4060689663 0.5758115444 0.6200717248
0.9973465463 0.7102615691 0.0055018726 0.5594526175 0.2497205965 0.2971483497 0.2814160245 0.9686837683
0.7020710243 0.0636952943 0.0298797735 0.3234393534 0.0918533250 0.3529140747 0.1754101515 0.6681709187
0.8406408599 0.2222423949 0.1828324939 0.0307985470 0.3034387277 0.0820254670 0.4450815057 0.1226670740
0.9862950465 0.1686199838 0.3883948701 0.2816125085 0.1683579381 0.7342193655 0.2128993815 0.0060288885
0.9023619986 0.9050764835 0.2138577155 0.3626172615 0.0579841458 0.5026963125 0.2796178437 0.0617027716
0.8814476903 0.6891653303 0.9149617066 0.6687038646 0.0312801553 0.3861385188 0.3173055889 0.0270276642
0.9427906631 0.2525800376 0.7750814955 0.6743677089 0.0755701219 0.3640973058 0.9711562372 0.0908495341
0.8096449140 0.0159021604 0.8611847600 0.8133431699 0.0049173140 0.1465164789 0.6396847307 0.7134511543
0.6680447606 0.1937191694 0.7694703024 0.0951798973 0.1070827425 0.2552561827 0.7672781583 0.9217317211
0.1918611790 0.2398622253 0.5889034534 0.0091066812 0.4769108542 0.6018314485 0.4367534784 0.9930126171
0.3141031945 0.1313162609 0.9235024683 0.1659381469 0.9567659420 0.1312705334 0.6124172043 0.9569000136
0.9344898947 0.0136316330 0.8269291671 0.4530347099 0.8478082179 0.0004831182 0.3115431967 0.6500043157
0.7449890075 0.3488867662 0.8027062677 0.2590003454 0.8920162951 0.5578122246 0.0686838462 0.3276310272
0.8103096373 0.2581905134 0.8421567422 0.8715651154 0.9504414552 0.9882304065 0.3708281138 0.3294955196
0.1021725698 0.1110473163 0.7831413329 0.7816136123 0.7847815359 0.9909948816 0.2457827681 0.0657884465
0.1218844212 0.1636863628 0.9831242217 0.0503832076 0.8788073738 0.8319721222 0.0194648746 0.0110889429
0.0364838731 0.0087359971 0.8806647279 0.2094707387 0.1050004882 0.8591194630 0.2805239726 0.2176988253
0.4625964146 0.1541086985 0.9499775029 0.7506760857 0.0245243581 0.8628136781 0.6048800014 0.4201004340
0.2720850729 0.0207084981 0.4317072995 0.9334133894 0.0470433889 0.4783404090 0.9207499584 0.2233269436
0.0112549164 0.2842337219 0.8663219060 0.9573567114 0.5798600395 0.3447347449 0.9963784185 0.0767359252
0.0539506809 0.7555521342 0.9060734208 0.9492091050 0.8540336941 0.9808216412 0.9784119711 0.2108860663
0.2754810457 0.7873845322 0.9082027609 0.9818539547 0.4673750256 0.8742929802 0.3037802298 0.2378429188
0.1324163065 0.9926817373 0.7965552735 0.6202760874 0.1906740288 0.5985806184 0.0040065215 0.6846852112
0.1851472177 0.6999777090 0.9670866274 0.6905671507 0.0290274608 0.0397980332 0.3415060341 0.9527047193
0.8226171997 0.8061356721 0.7307748040 0.9538219890 0.1343901479 0.2466191775 0.5483879896 0.7432758100
0.5636466146 0.9689794532 0.9070114724 0.7129902127 0.1153543582 0.8840719408 0.8110901525 0.6902474456
0.4382865538 0.7483498079 0.2457848310 0.8966642208 0.0448442805 0.8011469988 0.9857411527 0.4128076215
0.4905160381 0.9060619015 0.1660878961 0.1782150390 0.0004711132 0.8283619047 0.8918382991 0.1291859651
0.0116671731 0.5321158420 0.0832156215 0.5464275209 0.1851163392 0.9697620119 0.6158573045 0.0450548409
0.0309943978 0.5671566238 0.1411129134 0.9173766389 0.6459904064 0.8168336709 0.6213285357 0.5627254308
0.0298792825 0.0468229770 0.3958630576 0.8711123781 0.2123369565 0.7655696019 0.6380334161 0.9273970572
0.0599237026 0.2598388782 0.0312369524 0.3069411016 0.0123852449 0.9045707739 0.9577141756 0.8492160980
0.0528607965 0.3814160144 0.2391882718 0.1677739979 0.0037854535 0.2668523798 0.9794009514 0.3110633155
0.3977599163 0.2600369130 0.9214901635 0.0870649307 0.1730369146 0.1087997907 0.5955288929 0.1417816042
0.9976637638 0.8978542443 0.9588303182 0.0903296284 0.0396487685 0.1172017623 0.8703308550 0.3657342277
0.9706719120 0.3547866512 0.8630960404 0.0315161971 0.0472898935 0.9835730398 0.8556004807 0.5491526630
0.9950738535 0.3726926474 0.0541663142 0.1301093977 0.1313722781 0.8340381174 0.9920973275 0.5483034849
0.7794140535 0.9463071125 0.0816324630 0.0140407726 0.5028440659 0.0921955658 0.9422529647 0.0079028918
0.6888826601 0.8561502695 0.0384146415 0.8109185491 0.5010627948 0.2080372914 0.8156788899 0.0039872520
0.2241753421 0.2321304234 0.0789761993 0.7944580026 0.5860260392 0.0366753789 0.9106929458 0.0225760166
0.0979111032 0.9620526100 0.0700706898 0.7667578745 0.7547780396 0.0478631449 0.6057003920 0.4712806013
0.0264145492 0.9772030297 0.1740905596 0.0866801860 0.9475722567 0.0771074302 0.3210671556 0.9217041906
0.1933772091 0.9210375925 0.7447670535 0.0268181169 0.9524736297 0.0216381366 0.0755877667 0.3565925772
0.1115367012 0.9994699927 0.7828131081 0.0192447724 0.9039760898 0.7312405235 0.1188149326 0.7236438661
0.2835695157 0.8868262724 0.4802279319 0.0333578468 0.8573130169 0.9506853272 0.8093411454 0.8384000785
0.6944752629 0.6981218173 0.9437494280 0.5402330628 0.8570166950 0.9433051615 0.9209397121 0.9854263712
0.3484619048 0.8504468831 0.8841200348 0.8357414936 0.9577304933 0.9379027528 0.0552787825 0.9622130629
0.2842998961 0.6012729860 0.9769658130 0.8111305994 0.7963761603 0.1566391014 0.0630450177 0.8013362968
0.4938827602 0.9729221154 0.5989593761 0.9899242928 0.9763606261 0.0948843635 0.8196774279 0.9672810740
0.8583885240 0.4962599890 0.8072201582 0.8112710398 0.9198998462 0.1221290627 0.9842205532 0.0706585778
0.0063562635 0.0804964092 0.3113823773 0.9968189984 0.9990310224 0.4225799674 0.2233681609 0.2760202335
0.0399044105 0.0998888973 0.2628075955 0.4602930930 0.9799379031 0.6691766446 0.0915707634 0.9856023965
0.6787025020 0.0015245974 0.0486776668 0.3459879488 0.9153185706 0.9041866681 0.0835190285 0.5608328595
