0.4270311736 0.3117504567 0.5754004023 0.5986839591 0.5199047227 0.7176386146 0.4554420831 0.8291044587 0.5711729568 0.5049444465 0.4769175856 0.5078230519 0.5733787448 0.1473380600 0.4338992462 0.7295454375
0.4235237052 0.8722478626 0.0782221528 0.6291781047 0.8548155157 0.2504043004 0.9109892559 0.2426668052 0.1352873882 0.1587793163 0.6655434717 0.2775037067 0.7238571902 0.3439513622 0.6816261627 0.3591394657
0.5548078995 0.9285499684 0.4062823362 0.3827554390 0.8081712965 0.1193176997 0.1713757971 0.2923600110 0.4139826242 0.9751516851 0.6523537659 0.6105549939 0.1576682178 0.0668176527 0.5397642127 0.0875220594
0.8479492569 0.6531811825 0.1151505988 0.2758184092 0.4595362977 0.6391695661 0.3734662156 0.0126269213 0.2183787511 0.6455754652 0.0023659011 0.9478878076 0.0787704706 0.8174331149 0.4742566471 0.3671154731
0.6235449624 0.8304742775 0.1645090673 0.7652801333 0.6490694263 0.7912177285 0.9653533560 0.9957532603 0.4268138385 0.9079724080 0.0580159402 0.9416118516 0.1528753005 0.9279697249 0.5371738444 0.8826656153
0.1124673171 0.9647645967 0.0941790568 0.9672904285 0.6737481439 0.1707318148 0.0793955531 0.9885700245 0.3318073077 0.6138564602 0.1996255207 0.9876041212 0.4916555006 0.7473958761 0.8321022985 0.3726753120
0.0736991763 0.4022606744 0.0979533924 0.8463547826 0.8656620644 0.8589619021 0.1621091808 0.3695299269 0.8488026273 0.2630647409 0.6747467397 0.9431786460 0.2742423906 0.9171326552 0.4415740410 0.2037556667
0.0035835260 0.5659946699 0.0842315734 0.3125295211 0.6806713822 0.1905922387 0.6190209810 0.0372280865 0.9628679112 0.1848532113 0.2345879537 0.3087880835 0.0839758008 0.6574946989 0.2254698852 0.6797408098
0.7997086272 0.2786405268 0.5181820665 0.0817301464 0.1653488860 0.2661035527 0.4202316578 0.0398496140 0.9046947774 0.0447543182 0.5459962308 0.2002312362 0.6871828467 0.2791361809 0.2220218109 0.2344924302
0.9395399124 0.1931463431 0.9551757241 0.6100056232 0.3846827392 0.1404120566 0.5329077973 0.3724721712 0.2828415607 0.4248928858 0.2790174258 0.5174149107 0.8515944923 0.7222193368 0.9142347181 0.1078559502
0.4053301986 0.6153773787 0.9921226583 0.1368105451 0.1279457591 0.3360057941 0.8213562714 0.0627117779 0.9401639206 0.7611216716 0.1386901750 0.7511524630 0.2168599288 0.5473714715 0.7174625876 0.3136860621
0.7209968476 0.9347194168 0.8335258055 0.8291233219 0.0394685424 0.0026421456 0.9016532055 0.6705971074 0.7241843774 0.3315627070 0.6466551225 0.2109323551 0.0472794548 0.4321742263 0.9564481250 0.4970089367
0.0663872466 0.1483406352 0.7994125811 0.5009160964 0.1571452441 0.0032943410 0.3348156624 0.9049535999 0.7111032358 0.9006267744 0.9568166465 0.2472407233 0.0655975954 0.7632198681 0.8813748865 0.6785404787
0.2173211316 0.2419630738 0.9122203533 0.4214473912 0.0036334030 0.8039804413 0.7629074652 0.4774069258 0.4498134356 0.8408524496 0.8667517968 0.0260282787 0.5051748042 0.7692600440 0.3325947730 0.0002321803
0.1322302148 0.0776883578 0.7184600376 0.5870520147 0.0759576983 0.8217501598 0.8497533365 0.2519288294 0.1782440627 0.1133626841 0.8764213368 0.4896153524 0.1839534685 0.9635458107 0.1108619005 0.9698244000
0.9543652851 0.2974015702 0.5092812292 0.3453063522 0.8861756017 0.7782430130 0.4668125422 0.1558192098 0.1746188260 0.3586821426 0.9388030192 0.0781138642 0.6701638771 0.9228655596 0.1205040519 0.9820661214
0.8814728169 0.7358913575 0.8459829458 0.0573955046 0.7797534426 0.5625549825 0.8630582197 0.8521889911 0.4969121492 0.9200881694 0.7171462139 0.3887442225 0.8421120457 0.8847221257 0.0087230531 0.3490502080
0.7049467079 0.5917445428 0.9255165984 0.0966041365 0.0304115075 0.2359722226 0.0573469151 0.9765319861 0.8955906425 0.9753982602 0.7944682317 0.7129769570 0.9878315744 0.8215141543 0.1080445051 0.9914429295
0.9561582312 0.1834482683 0.0112335829 0.0354399567 0.1216677646 0.8240492374 0.2371131419 0.9149667742 0.6657419894 0.8617972080 0.7581752762 0.7634994830 0.5600097780 0.9171671884 0.6506604052 0.4948273371
0.4979936131 0.2004083812 0.0438767623 0.1745517740 0.5183317536 0.0521945604 0.4883369035 0.7785601777 0.1740111772 0.3194744149 0.2581890540 0.8874251333 0.5244172285 0.9529725802 0.7126131069 0.9856737528
0.0724533487 0.0243480073 0.5898398564 0.1115417064 0.9673766701 0.7330722539 0.9907432948 0.1483248232 0.4251499681 0.6520125044 0.3160685697 0.8145871388 0.7351378952 0.9777431737 0.8412795167 0.7077129465
0.7834320839 0.2472814412 0.9976151169 0.9376050662 0.8805722136 0.7116392166 0.8217599906 0.4910961457 0.9796697064 0.1987045142 0.0729813362 0.9639044185 0.4795443916 0.9365268291 0.7451860430 0.8507035091
0.8993617732 0.5527813437 0.6972774707 0.1952374855 0.7329900765 0.7001891118 0.8771453747 0.8880901483 0.9950529749 0.1807452429 0.2158716472 0.0506227284 0.0931977110 0.8966452098 0.8819425087 0.3061158021
0.1294193873 0.4741749517 0.4087558948 0.8418155310 0.5840517557 0.6634087346 0.3205719369 0.5266156248 0.6610962076 0.9610481670 0.0249717541 0.0552297696 0.0921987838 0.8992946367 0.9408263862 0.2188649315
0.3303104322 0.4695467218 0.0856838962 0.7971841039 0.9883357470 0.9614013380 0.8142405462 0.1167997469 0.8683473160 0.9362425739 0.0984693230 0.0804238089 0.8633872950 0.6812437610 0.2926754039 0.6805162691
0.6635810165 0.9092870506 0.2057633155 0.6254961903 0.7379659067 0.2025136191 0.0942677066 0.0087787227 0.2880011839 0.7622797252 0.0680236034 0.3645686354 0.9630108175 0.9081645012 0.0444301933 0.8204507055
0.1324351307 0.7259529079 0.7486052259 0.9825902667 0.8351393866 0.0322124814 0.0875324409 0.0358608637 0.8180943029 0.5870239914 0.0828422285 0.7258858071 0.9470584837 0.0280016761 0.4819555806 0.8498852910
0.9492939468 0.9904289602 0.9038266283 0.7552381745 0.5493921209 0.1848799516 0.2231666113 0.1280803178 0.0695414483 0.2559077677 0.5149892119 0.2139213816 0.4523747787 0.0986196995 0.4002568007 0.9974840714
0.8465769957 0.8936292280 0.9311003913 0.9260574542 0.8517845387 0.8374034087 0.0731995308 0.5849947697 0.1262471494 0.2317872543 0.9953099473 0.9422531426 0.4890499702 0.7416695124 0.3699269607 0.6141627915
0.9982698357 0.6451974935 0.9439585435 0.9083981812 0.9334326680 0.2425496427 0.1635404213 0.8815050568 0.9172355589 0.6791665799 0.5187878634 0.6131353492 0.0421583380 0.6973179088 0.1667863876 0.1960357409
0.9910359036 0.9295373701 0.5029941755 0.2093206828 0.9631021782 0.8548411173 0.7628966286 0.2640928270 0.9980660817 0.4437695160 0.7661448303 0.9401907856 0.2749413173 0.2813378987 0.1394292449 0.2003392279
0.8241014848 0.8017360312 0.5437657507 0.2242043496 0.0935636207 0.9469505290 0.9585014991 0.0459455999 0.0114999772 0.0302338514 0.5742898043 0.9468117016 0.2021195211 0.0024438200 0.6321613586 0.4419575948
0.8513019097 0.8138731844 0.3533584757 0.6285454005 0.1502619225 0.9630912319 0.9711004207 0.0568564804 0.3705849282 0.1124813089 0.4494227038 0.5200226360 0.9344655476 0.9763571816 0.2276616062 0.4116655418
0.5166696368 0.6966255305 0.4711284668 0.0109133967 0.2353745843 0.5793183197 0.9998771462 0.1496110051 0.1719310684 0.8673407414 0.1605800367 0.8685364963 0.9993778549 0.2531584785 0.3339687905 0.9017991975
0.7179506768 0.8941466468 0.8465257096 0.4972120938 0.4366913848 0.9543735159 0.5037832651 0.0110027031 0.1695575169 0.8896823062 0.2590966139 0.1350898088 0.8613746203 0.1251561504 0.8712311944 0.2856032609
0.9635751843 0.1531951327 0.4280727226 0.6438918207 0.0336769109 0.9712022187 0.0569782720 0.2161212051 0.5659690853 0.7656589388 0.5960655801 0.7618179601 0.4491599856 0.0953399260 0.9976218133 0.0274964077
0.1192701445 0.0576493565 0.1400063669 0.9120220924 0.1182214411 0.1550536598 0.1131253482 0.2155446429 0.9289172720 0.2951491671 0.8315369559 0.4577305943 0.0362754795 0.3049335976 0.9458650220 0.0836269294
0.9840729022 0.1373597677 0.0030531029 0.9135345037 0.9490982043 0.0224087399 0.7050093070 0.6016619981 0.9953290562 0.0370210349 0.8735689935 0.3206966761 0.1340822477 0.4024967570 0.9682239166 0.3898563215
0.3707955405 0.1396460636 0.1243711363 0.5647707945 0.9272722080 0.3816302095 0.1378968256 0.9411924193 0.6291996427 0.2951022261 0.9267218835 0.0562210449 0.8070834449 0.8798972415 0.9440264360 0.0640909562
0.3505000267 0.0646763532 0.3634497933 0.9997914694 0.5413471111 0.1276042177 0.9475807336 0.0076373322 0.9705973738 0.2346047403 0.9488320386 0.5686356092 0.9750274373 0.8911605217 0.8454534959 0.2246771958
0.0518380972 0.7544030731 0.6278199186 0.9844279678 0.0178049738 0.1022376807 0.9807441800 0.1101332013 0.5863723725 0.3664451917 0.9338877010 0.8799005435 0.9131718583 0.2702137895 0.1702073917 0.8258866842
0.0655075619 0.0841481765 0.9819097037 0.9984194329 0.3003016037 0.0721617739 0.0256553702 0.0099823161 0.3544999484 0.0199972335 0.5381579143 0.5456070974 0.4355368225 0.6638701286 0.0768950500 0.3372391392
0.0610264242 0.1651421699 0.6798295006 0.7286668441 0.7189833063 0.1424191105 0.8645268467 0.9697555399 0.1229448256 0.5630516987 0.6495056434 0.9353356045 0.2110449255 0.8690093081 0.1372805126 0.1264164173
0.0183666646 0.5168865307 0.9441900726 0.7539371373 0.6617067703 0.3664667339 0.8625582668 0.1558641084 0.0317335902 0.8836872207 0.0105236932 0.1784790431 0.0081762748 0.3136309215 0.1677961652 0.5343686710
0.1206866291 0.8674863423 0.9929418496 0.0570440395 0.4708343367 0.9903639639 0.0928757840 0.0381330538 0.5382919915 0.7985665915 0.0030774749 0.0574259358 0.0324667918 0.1061197715 0.2376757984 0.9218433441
0.1044114830 0.9332064060 0.1806829860 0.9585896395 0.2906816865 0.9349799254 0.0903945374 0.1115081597 0.3730979927 0.9254564582 0.7451550681 0.1441739078 0.0967464608 0.1380175152 0.5541392874 0.7369990728
0.4400493400 0.8626683261 0.0289626527 0.9949035677 0.0956246697 0.1401344338 0.2593740791 0.4091854556 0.1375101204 0.0286852194 0.9742317060 0.0384419903 0.0237772332 0.2099636276 0.0691399369 0.5016278890
0.1999675487 0.9392053564 0.2034582617 0.8334227607 0.0241721328 0.1068413227 0.1574835572 0.9170402205 0.3045463609 0.1050068669 0.2202116156 0.2703448543 0.8462717419 0.7570515736 0.0035871945 0.0964406156
0.0652933503 0.3178801239 0.0619951324 0.2056100555 0.0956547654 0.5984718069 0.1020336293 0.9580746177 0.1584153820 0.9262004946 0.0095192776 0.5887498795 0.9954528681 0.0418794695 0.1126992332 0.0837113487
0.2488500590 0.9202919453 0.0334824275 0.0426572931 0.3620025543 0.9639273346 0.3284341199 0.4671696983 0.4421065538 0.1807813707 0.0426833415 0.8177048825 0.9879183520 0.3633528433 0.8987638117 0.1162900100
0.0854108916 0.8016071215 0.3197020816 0.9536010749 0.0342024090 0.8922987948 0.4952314729 0.8265361527 0.1194718052 0.7370258714 0.6321889062 0.1763706242 0.9083736981 0.9129095627 0.9268860179 0.7772538622
0.7165546631 0.8401373953 0.2456927430 0.3503858149 0.1580549453 0.1858220235 0.1724334643 0.0280608544 0.5081549049 0.8886541817 0.8447089996 0.0296635369 0.5857494851 0.7786123413 0.9785163812 0.7175246989
0.9483667235 0.3520177375 0.0540536414 0.2232753637 0.2207112501 0.0095061183 0.0059817021 0.8414987496 0.1739304392 0.8751374681 0.4461629288 0.1180177019 0.9858765567 0.0478887458 0.7893248566 0.9257823508
0.8891078131 0.2928376307 0.2346397832 0.1351950902 0.0685538610 0.1336609728 0.9581597198 0.2917511659 0.0254841249 0.7630273285 0.1617840060 0.2206197141 0.0183398239 0.0253796694 0.8249102400 0.2788740166
0.5455889804 0.1998098257 0.0504802926 0.0865193345 0.1324944615 0.6703454053 0.8608060442 0.9332073806 0.0194173642 0.5106274944 0.1811529787 0.0945346006 0.1399206384 0.8889458643 0.1592551789 0.0573951278
0.5021900514 0.0879102412 0.1576079722 0.9314933592 0.9604315714 0.8638971890 0.4002507911 0.5753041636 0.1156186212 0.0409757213 0.2024927167 0.1402913600 0.0162600668 0.0463013465 0.9606719946 0.0807638648
0.0022788413 0.1410299221 0.3912681788 0.0141327647 0.9371527419 0.0247896682 0.2578593437 0.3628842537 0.0520448652 0.0978616804 0.1388393622 0.0406173281 0.4087296652 0.1193625985 0.9634753831 0.6456268628
