5.044888e-01 4.437077e-01 4.954388e-01 6.639989e-01 5.038875e-01 7.485300e-01 4.079838e-01 4.582370e-01 6.103128e-01 2.007011e-01 6.273818e-01 4.531198e-01
6.546626e-01 7.882875e-01 3.198979e-01 2.123679e-01 5.503547e-01 2.629411e-01 1.407026e-01 8.429726e-02 7.652068e-01 8.888066e-01 6.901770e-01 7.897734e-01
9.271700e-01 1.726579e-01 3.971837e-01 5.036783e-01 8.243523e-01 4.089689e-02 2.111122e-01 6.358310e-01 1.178799e-01 9.084822e-01 8.952456e-01 7.419045e-01
5.742242e-01 4.940310e-01 9.239064e-01 9.649896e-01 9.981540e-01 2.087282e-02 7.596496e-01 5.549223e-01 7.391874e-03 3.508738e-01 6.834434e-01 6.038190e-01
3.232620e-01 6.253581e-01 7.723353e-01 8.594302e-01 5.347867e-01 6.542480e-01 9.631875e-01 9.803521e-01 2.036057e-02 2.076805e-01 1.062825e-02 4.852068e-01
3.391778e-01 9.978294e-01 5.667318e-01 4.109582e-01 1.436294e-01 7.149015e-01 2.513298e-01 8.406259e-01 5.605810e-02 6.416633e-01 9.931165e-02 6.107464e-02
7.326891e-01 3.806494e-01 5.367184e-01 1.330204e-01 4.293620e-03 1.176072e-01 6.490757e-01 7.889006e-01 1.217291e-01 6.068503e-01 4.456374e-01 4.671944e-01
4.736801e-01 9.729634e-01 6.353013e-01 2.880492e-02 4.597548e-01 5.442019e-01 9.619622e-01 6.461133e-01 1.216784e-01 8.631695e-01 9.944729e-01 8.311131e-01
2.754048e-01 3.967478e-01 1.068097e-01 4.496049e-01 9.306856e-01 9.526250e-01 9.932697e-01 9.637801e-01 1.621951e-01 6.546757e-01 7.182218e-01 7.518007e-01
1.632427e-01 3.266203e-01 7.966184e-01 2.908863e-01 9.239385e-01 9.608257e-01 8.296377e-01 3.789062e-01 6.461408e-01 8.376329e-01 1.869598e-01 8.171764e-01
8.978279e-02 8.455949e-01 5.466678e-01 5.996592e-01 8.292779e-01 4.646912e-01 2.174336e-01 8.616438e-01 9.389712e-01 6.111303e-01 1.346198e-01 9.661955e-01
3.682410e-01 8.839279e-01 3.367981e-02 3.513174e-01 9.276023e-02 2.119578e-01 4.061035e-01 6.702230e-01 9.645179e-01 6.833509e-02 1.325981e-01 7.164300e-01
7.364908e-01 7.438153e-01 4.155085e-01 7.681996e-01 3.443677e-02 4.975148e-01 6.653187e-01 8.541919e-01 9.716915e-01 8.710108e-01 9.607475e-02 3.408760e-01
5.945681e-02 5.291408e-01 5.163291e-01 9.596655e-01 2.837271e-01 1.188853e-01 7.348104e-01 1.645681e-01 7.410378e-01 9.934646e-01 3.731372e-01 5.830834e-01
1.879135e-01 9.194096e-01 3.536542e-01 7.609630e-01 7.389030e-01 2.274923e-01 8.867748e-01 3.583339e-02 7.868145e-01 1.058656e-01 2.358771e-01 9.599662e-01
6.528016e-02 9.151015e-01 9.939578e-02 7.614879e-01 1.061725e-01 7.918100e-01 9.527490e-01 1.172235e-01 2.015460e-01 4.743118e-01 6.371057e-01 9.431472e-01
2.033356e-02 7.663444e-03 1.852700e-01 8.019464e-01 5.181478e-03 9.428789e-01 3.085356e-01 1.715887e-01 1.383810e-01 6.328436e-01 2.756651e-01 9.801347e-01
3.584056e-02 2.064045e-02 8.068153e-01 9.660404e-01 6.666908e-01 6.223414e-01 5.557137e-01 5.336034e-03 1.832803e-01 3.212214e-02 2.914908e-02 8.314410e-01
9.373139e-02 1.848360e-01 9.908658e-01 7.125482e-01 9.367611e-01 2.130879e-01 9.303171e-01 6.515505e-01 8.344456e-01 1.149738e-01 7.386624e-02 3.745320e-01
7.876823e-01 1.459505e-02 8.194462e-01 5.537594e-01 9.261324e-01 3.118103e-01 3.459103e-01 9.893654e-01 2.243988e-01 1.550774e-01 1.026177e-02 1.903303e-01
7.400068e-01 4.248152e-02 5.349861e-02 1.615813e-01 9.480819e-01 9.919012e-01 4.373485e-01 9.270760e-01 6.308024e-01 8.982278e-02 2.062794e-01 3.225447e-02
9.698011e-01 2.427473e-01 2.236795e-01 6.493475e-02 6.546841e-01 8.310461e-01 1.058212e-01 4.006200e-01 6.728072e-02 6.017607e-01 1.583695e-02 5.363075e-01
8.917311e-01 4.803190e-01 1.894202e-01 4.533814e-01 2.856092e-01 1.186803e-01 3.609044e-01 1.072720e-02 6.108507e-02 1.946503e-03 1.315415e-01 6.734406e-01
7.759251e-01 5.316234e-01 6.666959e-04 5.208034e-01 7.408061e-01 5.998805e-02 8.503857e-01 3.302363e-01 1.846748e-01 6.553939e-01 1.924648e-01 3.793247e-02
6.937241e-02 3.698774e-01 9.397004e-02 4.411556e-01 7.748392e-01 2.431217e-01 1.194547e-03 3.141456e-01 2.368791e-01 9.389423e-01 2.684109e-01 2.719187e-01
9.450811e-02 5.013617e-01 4.251722e-01 6.480177e-02 9.700205e-01 3.573163e-01 1.496259e-01 8.533639e-01 2.146936e-01 3.894435e-01 9.453344e-01 3.155784e-02
6.957717e-01 3.674652e-01 9.903421e-01 3.546787e-02 6.682652e-01 2.818163e-01 5.988534e-01 7.588018e-01 8.969178e-01 5.437334e-01 9.317610e-01 1.268595e-01
8.849703e-01 6.491531e-01 3.591259e-01 1.026293e-01 9.503337e-01 7.665846e-01 9.941126e-01 9.212756e-02 9.443594e-01 4.489360e-01 8.855073e-01 2.065494e-01
9.410316e-01 9.659448e-01 9.328943e-01 5.750049e-02 9.157904e-01 4.018592e-01 6.639697e-01 1.634185e-02 9.543929e-01 6.080824e-01 5.785617e-02 5.956222e-01
8.249614e-01 9.944633e-01 3.360359e-01 3.856971e-02 4.821781e-01 9.323825e-01 6.737232e-02 1.850510e-01 8.046620e-01 3.003997e-01 2.773159e-02 9.459042e-02
9.158642e-01 8.861763e-01 2.460623e-01 7.324096e-03 4.683962e-01 8.958648e-01 2.957462e-02 8.287804e-01 9.779096e-01 6.714069e-01 9.777890e-01 1.759367e-01
7.541227e-01 9.384115e-01 9.200197e-01 4.849444e-01 2.577452e-01 9.464480e-01 3.369935e-01 9.567474e-01 9.036249e-01 7.757078e-01 7.442595e-01 9.049512e-01
7.116023e-01 4.911484e-01 9.249830e-01 3.587845e-02 1.225904e-01 8.457962e-01 8.374053e-01 1.700995e-01 8.109500e-01 4.663419e-01 9.634618e-01 9.614922e-01
1.256750e-01 9.919578e-01 6.497580e-01 1.030346e-02 2.965394e-01 1.024394e-01 8.142701e-01 8.785050e-02 7.649900e-01 3.862988e-01 9.724808e-01 2.917660e-01
2.405696e-01 9.336131e-01 9.911873e-01 6.372215e-01 5.522491e-01 1.362851e-01 7.577763e-01 8.244144e-01 8.516403e-01 8.953080e-02 9.981059e-01 7.457025e-01
9.341647e-01 9.978192e-01 2.886719e-01 6.660167e-01 9.872154e-01 7.655055e-02 7.393799e-01 9.548354e-01 7.818920e-01 3.423003e-01 5.157795e-01 4.716658e-01
9.979424e-01 7.632016e-01 9.303333e-01 5.500655e-01 8.565616e-01 3.375229e-01 8.904363e-04 9.035074e-01 9.297767e-01 6.108573e-01 2.819312e-02 2.047936e-01
9.000990e-01 9.501471e-02 9.849529e-01 6.979683e-01 5.745311e-01 3.958088e-01 3.079595e-01 1.296441e-01 6.042844e-01 8.446171e-01 1.502193e-01 7.873384e-02
8.266871e-01 8.302799e-01 9.118661e-01 6.625741e-01 6.958017e-02 4.763721e-01 8.997886e-01 2.426922e-02 1.933918e-01 9.481667e-01 4.624911e-01 1.947446e-01
2.453781e-01 9.866536e-01 9.756168e-01 9.896209e-01 4.971107e-01 6.558087e-01 2.028831e-01 3.612840e-01 9.945169e-02 9.309999e-01 8.355031e-01 1.155864e-02
5.170607e-01 1.703017e-01 9.919253e-01 5.475849e-01 1.622823e-02 9.035880e-01 1.580336e-01 8.989432e-01 4.535610e-02 9.388321e-01 7.953681e-01 2.587649e-01
1.220337e-01 2.167626e-02 8.568845e-01 4.949005e-01 2.577432e-01 7.072757e-01 9.745059e-01 9.752233e-01 1.639031e-01 3.208765e-02 8.943174e-01 3.217427e-01
4.309791e-01 1.346945e-01 6.827130e-02 1.632888e-01 2.919039e-02 8.289255e-01 8.092767e-01 6.447802e-01 1.526148e-01 2.840484e-02 8.554283e-01 9.630486e-01
6.856118e-01 9.977883e-01 1.635349e-01 2.096543e-01 4.757823e-02 9.359658e-01 9.117841e-01 9.552731e-01 7.297680e-02 4.502042e-02 2.649645e-01 5.525398e-01
8.463406e-01 4.690612e-01 1.488255e-02 9.823357e-01 1.134397e-01 2.633547e-05 8.834937e-01 9.760463e-01 1.472125e-01 8.325326e-02 6.355133e-01 7.481470e-01
5.077417e-01 2.816876e-01 4.202841e-01 8.963390e-01 4.535149e-02 3.299502e-01 6.942618e-02 9.192493e-01 5.569552e-02 1.361218e-01 4.822896e-03 6.731781e-01
3.912637e-01 3.669143e-02 7.159855e-01 1.919799e-02 1.200287e-01 6.127595e-01 2.830059e-01 9.582835e-01 7.981219e-01 1.893862e-02 1.146550e-01 6.482928e-01
8.696834e-01 4.274533e-02 8.785773e-01 2.749721e-01 1.748342e-02 8.894807e-02 4.411356e-01 2.686464e-01 9.420518e-01 5.386188e-01 2.877056e-02 9.208966e-01
6.898429e-01 3.374293e-01 9.551752e-01 1.592771e-01 2.222926e-01 2.773243e-01 9.938255e-01 1.949916e-01 7.224379e-01 3.845732e-03 1.090629e-01 1.187774e-02
3.466527e-03 4.164989e-01 9.771389e-01 2.131729e-03 5.219201e-01 1.591038e-02 8.287502e-02 4.985272e-01 9.611854e-01 5.429992e-01 1.842666e-01 4.212457e-02
5.429280e-02 1.732269e-01 1.855463e-01 8.382543e-02 9.933273e-01 6.796886e-02 8.094262e-01 2.286464e-01 8.623908e-01 2.957178e-01 6.197410e-01 1.681911e-01
2.008030e-01 2.406364e-02 2.797936e-02 3.578319e-01 9.286811e-01 1.576645e-02 7.071347e-01 9.613091e-01 7.245084e-01 8.848594e-01 7.923088e-02 4.741275e-01
6.548756e-03 2.748388e-01 4.759768e-02 2.580779e-01 1.703557e-01 8.452655e-01 9.219184e-01 7.527421e-01 9.978270e-01 6.349427e-01 8.756123e-02 5.471732e-01
9.750872e-01 5.728139e-02 1.084745e-01 6.254505e-01 4.693838e-01 8.228359e-01 8.546982e-01 3.772352e-01 9.502993e-01 9.569903e-01 3.273144e-01 9.476843e-01
9.668771e-01 1.643625e-01 1.050197e-01 2.781715e-01 3.625490e-01 1.047908e-01 7.969423e-01 4.089293e-01 9.948840e-01 9.944154e-01 7.429008e-01 4.497593e-02
7.617207e-01 8.669583e-01 4.612129e-02 8.669881e-02 2.272272e-01 9.000397e-01 5.847098e-01 1.227119e-02 1.304675e-01 8.394058e-01 9.811622e-01 2.109480e-01
8.681343e-01 9.716470e-01 1.825751e-01 3.935975e-01 9.537595e-01 1.410636e-01 4.445589e-03 7.740988e-03 5.970321e-01 3.707173e-02 8.906317e-01 2.204367e-01
7.664215e-01 1.374485e-01 4.225272e-01 2.716817e-01 9.046567e-01 7.809817e-02 5.826313e-01 1.014656e-01 4.049873e-02 2.437380e-02 9.470785e-01 6.399863e-02
4.722337e-02 4.829016e-02 8.019965e-01 3.355172e-02 9.621828e-01 1.636985e-01 2.048725e-01 9.514866e-02 1.673244e-01 2.166878e-01 6.664459e-01 7.325874e-01
7.440933e-01 1.041222e-02 8.395394e-01 8.638053e-01 7.474783e-01 3.691925e-02 3.315254e-02 1.179015e-01 6.717067e-01 1.602862e-01 9.406499e-01 9.581409e-01
7.759937e-02 1.188683e-01 9.768757e-01 7.451562e-01 3.855718e-01 8.547578e-01 8.370357e-02 5.800247e-02 7.730282e-01 9.382227e-01 6.558153e-01 6.900272e-01
1.566308e-01 7.535113e-01 9.563198e-01 4.908468e-02 1.576015e-01 5.503234e-01 4.274933e-01 7.451579e-02 2.379245e-02 7.873262e-01 5.993940e-02 8.424729e-01
9.704111e-01 7.621112e-01 9.650243e-01 8.720957e-01 1.266717e-03 7.339401e-01 4.361634e-02 5.634520e-02 3.051176e-01 5.634584e-02 1.461720e-01 9.578420e-01
9.128716e-01 9.548855e-01 7.232013e-01 8.049298e-01 7.509453e-02 1.955385e-01 1.357568e-01 6.198500e-01 1.605841e-01 7.434277e-01 8.868163e-01 9.995127e-01
1.203300e-01 9.939336e-01 8.882161e-01 9.402289e-01 9.734304e-01 3.109417e-02 1.409423e-01 2.812882e-01 3.568199e-01 4.582937e-02 5.333297e-02 9.252525e-02
8.945278e-02 9.949930e-01 2.414998e-01 9.880173e-01 3.348106e-01 7.724602e-01 8.661152e-01 9.502798e-01 9.448117e-01 5.742148e-02 1.980109e-01 1.151290e-01
1.008519e-01 1.304990e-01 4.428068e-02 6.399929e-02 5.053589e-01 2.082167e-01 3.942001e-01 8.448315e-01 9.499222e-01 5.381585e-02 8.696527e-01 8.785349e-01
